/*--------------------------------*- C++ -*----------------------------------*\
| =========                 |                                                 |
| \\      /  F ield         | OpenFOAM: The Open Source CFD Toolbox           |
|  \\    /   O peration     | Version:  2412                                  |
|   \\  /    A nd           | Website:  www.openfoam.com                      |
|    \\/     M anipulation  |                                                 |
\*---------------------------------------------------------------------------*/
FoamFile
{
    version     2.0;
    format      ascii;
    arch        "LSB;label=32;scalar=64";
    class       vectorField;
    location    "constant/polyMesh";
    object      points;
}
// * * * * * * * * * * * * * * * * * * * * * * * * * * * * * * * * * * * * * //


2142
(
(0 0 0)
(0.002 0 0)
(0.004 0 0)
(0.006 0 0)
(0.008 0 0)
(0.01 0 0)
(0.012 0 0)
(0.014 0 0)
(0.016 0 0)
(0.018 0 0)
(0.02 0 0)
(0.022 0 0)
(0.024 0 0)
(0.026 0 0)
(0.028 0 0)
(0.03 0 0)
(0.032 0 0)
(0.034 0 0)
(0.036 0 0)
(0.038 0 0)
(0.04 0 0)
(0.042 0 0)
(0.044 0 0)
(0.046 0 0)
(0.048 0 0)
(0.05 0 0)
(0.052 0 0)
(0.054 0 0)
(0.056 0 0)
(0.058 0 0)
(0.06 0 0)
(0.062 0 0)
(0.064 0 0)
(0.066 0 0)
(0.068 0 0)
(0.07 0 0)
(0.072 0 0)
(0.074 0 0)
(0.076 0 0)
(0.078 0 0)
(0.08 0 0)
(0.082 0 0)
(0.084 0 0)
(0.086 0 0)
(0.088 0 0)
(0.09 0 0)
(0.092 0 0)
(0.094 0 0)
(0.096 0 0)
(0.098 0 0)
(0.1 0 0)
(0 0.0002271191533 0)
(0.002 0.0002271191533 0)
(0.004 0.0002271191533 0)
(0.006 0.0002271191533 0)
(0.008 0.0002271191533 0)
(0.01 0.0002271191533 0)
(0.012 0.0002271191533 0)
(0.014 0.0002271191533 0)
(0.016 0.0002271191533 0)
(0.018 0.0002271191533 0)
(0.02 0.0002271191533 0)
(0.022 0.0002271191533 0)
(0.024 0.0002271191533 0)
(0.026 0.0002271191533 0)
(0.028 0.0002271191533 0)
(0.03 0.0002271191533 0)
(0.032 0.0002271191533 0)
(0.034 0.0002271191533 0)
(0.036 0.0002271191533 0)
(0.038 0.0002271191533 0)
(0.04 0.0002271191533 0)
(0.042 0.0002271191533 0)
(0.044 0.0002271191533 0)
(0.046 0.0002271191533 0)
(0.048 0.0002271191533 0)
(0.05 0.0002271191533 0)
(0.052 0.0002271191533 0)
(0.054 0.0002271191533 0)
(0.056 0.0002271191533 0)
(0.058 0.0002271191533 0)
(0.06 0.0002271191533 0)
(0.062 0.0002271191533 0)
(0.064 0.0002271191533 0)
(0.066 0.0002271191533 0)
(0.068 0.0002271191533 0)
(0.07 0.0002271191533 0)
(0.072 0.0002271191533 0)
(0.074 0.0002271191533 0)
(0.076 0.0002271191533 0)
(0.078 0.0002271191533 0)
(0.08 0.0002271191533 0)
(0.082 0.0002271191533 0)
(0.084 0.0002271191533 0)
(0.086 0.0002271191533 0)
(0.088 0.0002271191533 0)
(0.09 0.0002271191533 0)
(0.092 0.0002271191533 0)
(0.094 0.0002271191533 0)
(0.096 0.0002271191533 0)
(0.098 0.0002271191533 0)
(0.1 0.0002271191533 0)
(0 0.0004920602411 0)
(0.002 0.0004920602411 0)
(0.004 0.0004920602411 0)
(0.006 0.0004920602411 0)
(0.008 0.0004920602411 0)
(0.01 0.0004920602411 0)
(0.012 0.0004920602411 0)
(0.014 0.0004920602411 0)
(0.016 0.0004920602411 0)
(0.018 0.0004920602411 0)
(0.02 0.0004920602411 0)
(0.022 0.0004920602411 0)
(0.024 0.0004920602411 0)
(0.026 0.0004920602411 0)
(0.028 0.0004920602411 0)
(0.03 0.0004920602411 0)
(0.032 0.0004920602411 0)
(0.034 0.0004920602411 0)
(0.036 0.0004920602411 0)
(0.038 0.0004920602411 0)
(0.04 0.0004920602411 0)
(0.042 0.0004920602411 0)
(0.044 0.0004920602411 0)
(0.046 0.0004920602411 0)
(0.048 0.0004920602411 0)
(0.05 0.0004920602411 0)
(0.052 0.0004920602411 0)
(0.054 0.0004920602411 0)
(0.056 0.0004920602411 0)
(0.058 0.0004920602411 0)
(0.06 0.0004920602411 0)
(0.062 0.0004920602411 0)
(0.064 0.0004920602411 0)
(0.066 0.0004920602411 0)
(0.068 0.0004920602411 0)
(0.07 0.0004920602411 0)
(0.072 0.0004920602411 0)
(0.074 0.0004920602411 0)
(0.076 0.0004920602411 0)
(0.078 0.0004920602411 0)
(0.08 0.0004920602411 0)
(0.082 0.0004920602411 0)
(0.084 0.0004920602411 0)
(0.086 0.0004920602411 0)
(0.088 0.0004920602411 0)
(0.09 0.0004920602411 0)
(0.092 0.0004920602411 0)
(0.094 0.0004920602411 0)
(0.096 0.0004920602411 0)
(0.098 0.0004920602411 0)
(0.1 0.0004920602411 0)
(0 0.0008011217138 0)
(0.002 0.0008011217138 0)
(0.004 0.0008011217138 0)
(0.006 0.0008011217138 0)
(0.008 0.0008011217138 0)
(0.01 0.0008011217138 0)
(0.012 0.0008011217138 0)
(0.014 0.0008011217138 0)
(0.016 0.0008011217138 0)
(0.018 0.0008011217138 0)
(0.02 0.0008011217138 0)
(0.022 0.0008011217138 0)
(0.024 0.0008011217138 0)
(0.026 0.0008011217138 0)
(0.028 0.0008011217138 0)
(0.03 0.0008011217138 0)
(0.032 0.0008011217138 0)
(0.034 0.0008011217138 0)
(0.036 0.0008011217138 0)
(0.038 0.0008011217138 0)
(0.04 0.0008011217138 0)
(0.042 0.0008011217138 0)
(0.044 0.0008011217138 0)
(0.046 0.0008011217138 0)
(0.048 0.0008011217138 0)
(0.05 0.0008011217138 0)
(0.052 0.0008011217138 0)
(0.054 0.0008011217138 0)
(0.056 0.0008011217138 0)
(0.058 0.0008011217138 0)
(0.06 0.0008011217138 0)
(0.062 0.0008011217138 0)
(0.064 0.0008011217138 0)
(0.066 0.0008011217138 0)
(0.068 0.0008011217138 0)
(0.07 0.0008011217138 0)
(0.072 0.0008011217138 0)
(0.074 0.0008011217138 0)
(0.076 0.0008011217138 0)
(0.078 0.0008011217138 0)
(0.08 0.0008011217138 0)
(0.082 0.0008011217138 0)
(0.084 0.0008011217138 0)
(0.086 0.0008011217138 0)
(0.088 0.0008011217138 0)
(0.09 0.0008011217138 0)
(0.092 0.0008011217138 0)
(0.094 0.0008011217138 0)
(0.096 0.0008011217138 0)
(0.098 0.0008011217138 0)
(0.1 0.0008011217138 0)
(0 0.001161650897 0)
(0.002 0.001161650897 0)
(0.004 0.001161650897 0)
(0.006 0.001161650897 0)
(0.008 0.001161650897 0)
(0.01 0.001161650897 0)
(0.012 0.001161650897 0)
(0.014 0.001161650897 0)
(0.016 0.001161650897 0)
(0.018 0.001161650897 0)
(0.02 0.001161650897 0)
(0.022 0.001161650897 0)
(0.024 0.001161650897 0)
(0.026 0.001161650897 0)
(0.028 0.001161650897 0)
(0.03 0.001161650897 0)
(0.032 0.001161650897 0)
(0.034 0.001161650897 0)
(0.036 0.001161650897 0)
(0.038 0.001161650897 0)
(0.04 0.001161650897 0)
(0.042 0.001161650897 0)
(0.044 0.001161650897 0)
(0.046 0.001161650897 0)
(0.048 0.001161650897 0)
(0.05 0.001161650897 0)
(0.052 0.001161650897 0)
(0.054 0.001161650897 0)
(0.056 0.001161650897 0)
(0.058 0.001161650897 0)
(0.06 0.001161650897 0)
(0.062 0.001161650897 0)
(0.064 0.001161650897 0)
(0.066 0.001161650897 0)
(0.068 0.001161650897 0)
(0.07 0.001161650897 0)
(0.072 0.001161650897 0)
(0.074 0.001161650897 0)
(0.076 0.001161650897 0)
(0.078 0.001161650897 0)
(0.08 0.001161650897 0)
(0.082 0.001161650897 0)
(0.084 0.001161650897 0)
(0.086 0.001161650897 0)
(0.088 0.001161650897 0)
(0.09 0.001161650897 0)
(0.092 0.001161650897 0)
(0.094 0.001161650897 0)
(0.096 0.001161650897 0)
(0.098 0.001161650897 0)
(0.1 0.001161650897 0)
(0 0.001582218658 0)
(0.002 0.001582218658 0)
(0.004 0.001582218658 0)
(0.006 0.001582218658 0)
(0.008 0.001582218658 0)
(0.01 0.001582218658 0)
(0.012 0.001582218658 0)
(0.014 0.001582218658 0)
(0.016 0.001582218658 0)
(0.018 0.001582218658 0)
(0.02 0.001582218658 0)
(0.022 0.001582218658 0)
(0.024 0.001582218658 0)
(0.026 0.001582218658 0)
(0.028 0.001582218658 0)
(0.03 0.001582218658 0)
(0.032 0.001582218658 0)
(0.034 0.001582218658 0)
(0.036 0.001582218658 0)
(0.038 0.001582218658 0)
(0.04 0.001582218658 0)
(0.042 0.001582218658 0)
(0.044 0.001582218658 0)
(0.046 0.001582218658 0)
(0.048 0.001582218658 0)
(0.05 0.001582218658 0)
(0.052 0.001582218658 0)
(0.054 0.001582218658 0)
(0.056 0.001582218658 0)
(0.058 0.001582218658 0)
(0.06 0.001582218658 0)
(0.062 0.001582218658 0)
(0.064 0.001582218658 0)
(0.066 0.001582218658 0)
(0.068 0.001582218658 0)
(0.07 0.001582218658 0)
(0.072 0.001582218658 0)
(0.074 0.001582218658 0)
(0.076 0.001582218658 0)
(0.078 0.001582218658 0)
(0.08 0.001582218658 0)
(0.082 0.001582218658 0)
(0.084 0.001582218658 0)
(0.086 0.001582218658 0)
(0.088 0.001582218658 0)
(0.09 0.001582218658 0)
(0.092 0.001582218658 0)
(0.094 0.001582218658 0)
(0.096 0.001582218658 0)
(0.098 0.001582218658 0)
(0.1 0.001582218658 0)
(0 0.002072823165 0)
(0.002 0.002072823165 0)
(0.004 0.002072823165 0)
(0.006 0.002072823165 0)
(0.008 0.002072823165 0)
(0.01 0.002072823165 0)
(0.012 0.002072823165 0)
(0.014 0.002072823165 0)
(0.016 0.002072823165 0)
(0.018 0.002072823165 0)
(0.02 0.002072823165 0)
(0.022 0.002072823165 0)
(0.024 0.002072823165 0)
(0.026 0.002072823165 0)
(0.028 0.002072823165 0)
(0.03 0.002072823165 0)
(0.032 0.002072823165 0)
(0.034 0.002072823165 0)
(0.036 0.002072823165 0)
(0.038 0.002072823165 0)
(0.04 0.002072823165 0)
(0.042 0.002072823165 0)
(0.044 0.002072823165 0)
(0.046 0.002072823165 0)
(0.048 0.002072823165 0)
(0.05 0.002072823165 0)
(0.052 0.002072823165 0)
(0.054 0.002072823165 0)
(0.056 0.002072823165 0)
(0.058 0.002072823165 0)
(0.06 0.002072823165 0)
(0.062 0.002072823165 0)
(0.064 0.002072823165 0)
(0.066 0.002072823165 0)
(0.068 0.002072823165 0)
(0.07 0.002072823165 0)
(0.072 0.002072823165 0)
(0.074 0.002072823165 0)
(0.076 0.002072823165 0)
(0.078 0.002072823165 0)
(0.08 0.002072823165 0)
(0.082 0.002072823165 0)
(0.084 0.002072823165 0)
(0.086 0.002072823165 0)
(0.088 0.002072823165 0)
(0.09 0.002072823165 0)
(0.092 0.002072823165 0)
(0.094 0.002072823165 0)
(0.096 0.002072823165 0)
(0.098 0.002072823165 0)
(0.1 0.002072823165 0)
(0 0.002645127569 0)
(0.002 0.002645127569 0)
(0.004 0.002645127569 0)
(0.006 0.002645127569 0)
(0.008 0.002645127569 0)
(0.01 0.002645127569 0)
(0.012 0.002645127569 0)
(0.014 0.002645127569 0)
(0.016 0.002645127569 0)
(0.018 0.002645127569 0)
(0.02 0.002645127569 0)
(0.022 0.002645127569 0)
(0.024 0.002645127569 0)
(0.026 0.002645127569 0)
(0.028 0.002645127569 0)
(0.03 0.002645127569 0)
(0.032 0.002645127569 0)
(0.034 0.002645127569 0)
(0.036 0.002645127569 0)
(0.038 0.002645127569 0)
(0.04 0.002645127569 0)
(0.042 0.002645127569 0)
(0.044 0.002645127569 0)
(0.046 0.002645127569 0)
(0.048 0.002645127569 0)
(0.05 0.002645127569 0)
(0.052 0.002645127569 0)
(0.054 0.002645127569 0)
(0.056 0.002645127569 0)
(0.058 0.002645127569 0)
(0.06 0.002645127569 0)
(0.062 0.002645127569 0)
(0.064 0.002645127569 0)
(0.066 0.002645127569 0)
(0.068 0.002645127569 0)
(0.07 0.002645127569 0)
(0.072 0.002645127569 0)
(0.074 0.002645127569 0)
(0.076 0.002645127569 0)
(0.078 0.002645127569 0)
(0.08 0.002645127569 0)
(0.082 0.002645127569 0)
(0.084 0.002645127569 0)
(0.086 0.002645127569 0)
(0.088 0.002645127569 0)
(0.09 0.002645127569 0)
(0.092 0.002645127569 0)
(0.094 0.002645127569 0)
(0.096 0.002645127569 0)
(0.098 0.002645127569 0)
(0.1 0.002645127569 0)
(0 0.003312737276 0)
(0.002 0.003312737276 0)
(0.004 0.003312737276 0)
(0.006 0.003312737276 0)
(0.008 0.003312737276 0)
(0.01 0.003312737276 0)
(0.012 0.003312737276 0)
(0.014 0.003312737276 0)
(0.016 0.003312737276 0)
(0.018 0.003312737276 0)
(0.02 0.003312737276 0)
(0.022 0.003312737276 0)
(0.024 0.003312737276 0)
(0.026 0.003312737276 0)
(0.028 0.003312737276 0)
(0.03 0.003312737276 0)
(0.032 0.003312737276 0)
(0.034 0.003312737276 0)
(0.036 0.003312737276 0)
(0.038 0.003312737276 0)
(0.04 0.003312737276 0)
(0.042 0.003312737276 0)
(0.044 0.003312737276 0)
(0.046 0.003312737276 0)
(0.048 0.003312737276 0)
(0.05 0.003312737276 0)
(0.052 0.003312737276 0)
(0.054 0.003312737276 0)
(0.056 0.003312737276 0)
(0.058 0.003312737276 0)
(0.06 0.003312737276 0)
(0.062 0.003312737276 0)
(0.064 0.003312737276 0)
(0.066 0.003312737276 0)
(0.068 0.003312737276 0)
(0.07 0.003312737276 0)
(0.072 0.003312737276 0)
(0.074 0.003312737276 0)
(0.076 0.003312737276 0)
(0.078 0.003312737276 0)
(0.08 0.003312737276 0)
(0.082 0.003312737276 0)
(0.084 0.003312737276 0)
(0.086 0.003312737276 0)
(0.088 0.003312737276 0)
(0.09 0.003312737276 0)
(0.092 0.003312737276 0)
(0.094 0.003312737276 0)
(0.096 0.003312737276 0)
(0.098 0.003312737276 0)
(0.1 0.003312737276 0)
(0 0.004091523387 0)
(0.002 0.004091523387 0)
(0.004 0.004091523387 0)
(0.006 0.004091523387 0)
(0.008 0.004091523387 0)
(0.01 0.004091523387 0)
(0.012 0.004091523387 0)
(0.014 0.004091523387 0)
(0.016 0.004091523387 0)
(0.018 0.004091523387 0)
(0.02 0.004091523387 0)
(0.022 0.004091523387 0)
(0.024 0.004091523387 0)
(0.026 0.004091523387 0)
(0.028 0.004091523387 0)
(0.03 0.004091523387 0)
(0.032 0.004091523387 0)
(0.034 0.004091523387 0)
(0.036 0.004091523387 0)
(0.038 0.004091523387 0)
(0.04 0.004091523387 0)
(0.042 0.004091523387 0)
(0.044 0.004091523387 0)
(0.046 0.004091523387 0)
(0.048 0.004091523387 0)
(0.05 0.004091523387 0)
(0.052 0.004091523387 0)
(0.054 0.004091523387 0)
(0.056 0.004091523387 0)
(0.058 0.004091523387 0)
(0.06 0.004091523387 0)
(0.062 0.004091523387 0)
(0.064 0.004091523387 0)
(0.066 0.004091523387 0)
(0.068 0.004091523387 0)
(0.07 0.004091523387 0)
(0.072 0.004091523387 0)
(0.074 0.004091523387 0)
(0.076 0.004091523387 0)
(0.078 0.004091523387 0)
(0.08 0.004091523387 0)
(0.082 0.004091523387 0)
(0.084 0.004091523387 0)
(0.086 0.004091523387 0)
(0.088 0.004091523387 0)
(0.09 0.004091523387 0)
(0.092 0.004091523387 0)
(0.094 0.004091523387 0)
(0.096 0.004091523387 0)
(0.098 0.004091523387 0)
(0.1 0.004091523387 0)
(0 0.005 0)
(0.002 0.005 0)
(0.004 0.005 0)
(0.006 0.005 0)
(0.008 0.005 0)
(0.01 0.005 0)
(0.012 0.005 0)
(0.014 0.005 0)
(0.016 0.005 0)
(0.018 0.005 0)
(0.02 0.005 0)
(0.022 0.005 0)
(0.024 0.005 0)
(0.026 0.005 0)
(0.028 0.005 0)
(0.03 0.005 0)
(0.032 0.005 0)
(0.034 0.005 0)
(0.036 0.005 0)
(0.038 0.005 0)
(0.04 0.005 0)
(0.042 0.005 0)
(0.044 0.005 0)
(0.046 0.005 0)
(0.048 0.005 0)
(0.05 0.005 0)
(0.052 0.005 0)
(0.054 0.005 0)
(0.056 0.005 0)
(0.058 0.005 0)
(0.06 0.005 0)
(0.062 0.005 0)
(0.064 0.005 0)
(0.066 0.005 0)
(0.068 0.005 0)
(0.07 0.005 0)
(0.072 0.005 0)
(0.074 0.005 0)
(0.076 0.005 0)
(0.078 0.005 0)
(0.08 0.005 0)
(0.082 0.005 0)
(0.084 0.005 0)
(0.086 0.005 0)
(0.088 0.005 0)
(0.09 0.005 0)
(0.092 0.005 0)
(0.094 0.005 0)
(0.096 0.005 0)
(0.098 0.005 0)
(0.1 0.005 0)
(0 0.005908476613 0)
(0.002 0.005908476613 0)
(0.004 0.005908476613 0)
(0.006 0.005908476613 0)
(0.008 0.005908476613 0)
(0.01 0.005908476613 0)
(0.012 0.005908476613 0)
(0.014 0.005908476613 0)
(0.016 0.005908476613 0)
(0.018 0.005908476613 0)
(0.02 0.005908476613 0)
(0.022 0.005908476613 0)
(0.024 0.005908476613 0)
(0.026 0.005908476613 0)
(0.028 0.005908476613 0)
(0.03 0.005908476613 0)
(0.032 0.005908476613 0)
(0.034 0.005908476613 0)
(0.036 0.005908476613 0)
(0.038 0.005908476613 0)
(0.04 0.005908476613 0)
(0.042 0.005908476613 0)
(0.044 0.005908476613 0)
(0.046 0.005908476613 0)
(0.048 0.005908476613 0)
(0.05 0.005908476613 0)
(0.052 0.005908476613 0)
(0.054 0.005908476613 0)
(0.056 0.005908476613 0)
(0.058 0.005908476613 0)
(0.06 0.005908476613 0)
(0.062 0.005908476613 0)
(0.064 0.005908476613 0)
(0.066 0.005908476613 0)
(0.068 0.005908476613 0)
(0.07 0.005908476613 0)
(0.072 0.005908476613 0)
(0.074 0.005908476613 0)
(0.076 0.005908476613 0)
(0.078 0.005908476613 0)
(0.08 0.005908476613 0)
(0.082 0.005908476613 0)
(0.084 0.005908476613 0)
(0.086 0.005908476613 0)
(0.088 0.005908476613 0)
(0.09 0.005908476613 0)
(0.092 0.005908476613 0)
(0.094 0.005908476613 0)
(0.096 0.005908476613 0)
(0.098 0.005908476613 0)
(0.1 0.005908476613 0)
(0 0.006687262724 0)
(0.002 0.006687262724 0)
(0.004 0.006687262724 0)
(0.006 0.006687262724 0)
(0.008 0.006687262724 0)
(0.01 0.006687262724 0)
(0.012 0.006687262724 0)
(0.014 0.006687262724 0)
(0.016 0.006687262724 0)
(0.018 0.006687262724 0)
(0.02 0.006687262724 0)
(0.022 0.006687262724 0)
(0.024 0.006687262724 0)
(0.026 0.006687262724 0)
(0.028 0.006687262724 0)
(0.03 0.006687262724 0)
(0.032 0.006687262724 0)
(0.034 0.006687262724 0)
(0.036 0.006687262724 0)
(0.038 0.006687262724 0)
(0.04 0.006687262724 0)
(0.042 0.006687262724 0)
(0.044 0.006687262724 0)
(0.046 0.006687262724 0)
(0.048 0.006687262724 0)
(0.05 0.006687262724 0)
(0.052 0.006687262724 0)
(0.054 0.006687262724 0)
(0.056 0.006687262724 0)
(0.058 0.006687262724 0)
(0.06 0.006687262724 0)
(0.062 0.006687262724 0)
(0.064 0.006687262724 0)
(0.066 0.006687262724 0)
(0.068 0.006687262724 0)
(0.07 0.006687262724 0)
(0.072 0.006687262724 0)
(0.074 0.006687262724 0)
(0.076 0.006687262724 0)
(0.078 0.006687262724 0)
(0.08 0.006687262724 0)
(0.082 0.006687262724 0)
(0.084 0.006687262724 0)
(0.086 0.006687262724 0)
(0.088 0.006687262724 0)
(0.09 0.006687262724 0)
(0.092 0.006687262724 0)
(0.094 0.006687262724 0)
(0.096 0.006687262724 0)
(0.098 0.006687262724 0)
(0.1 0.006687262724 0)
(0 0.007354872431 0)
(0.002 0.007354872431 0)
(0.004 0.007354872431 0)
(0.006 0.007354872431 0)
(0.008 0.007354872431 0)
(0.01 0.007354872431 0)
(0.012 0.007354872431 0)
(0.014 0.007354872431 0)
(0.016 0.007354872431 0)
(0.018 0.007354872431 0)
(0.02 0.007354872431 0)
(0.022 0.007354872431 0)
(0.024 0.007354872431 0)
(0.026 0.007354872431 0)
(0.028 0.007354872431 0)
(0.03 0.007354872431 0)
(0.032 0.007354872431 0)
(0.034 0.007354872431 0)
(0.036 0.007354872431 0)
(0.038 0.007354872431 0)
(0.04 0.007354872431 0)
(0.042 0.007354872431 0)
(0.044 0.007354872431 0)
(0.046 0.007354872431 0)
(0.048 0.007354872431 0)
(0.05 0.007354872431 0)
(0.052 0.007354872431 0)
(0.054 0.007354872431 0)
(0.056 0.007354872431 0)
(0.058 0.007354872431 0)
(0.06 0.007354872431 0)
(0.062 0.007354872431 0)
(0.064 0.007354872431 0)
(0.066 0.007354872431 0)
(0.068 0.007354872431 0)
(0.07 0.007354872431 0)
(0.072 0.007354872431 0)
(0.074 0.007354872431 0)
(0.076 0.007354872431 0)
(0.078 0.007354872431 0)
(0.08 0.007354872431 0)
(0.082 0.007354872431 0)
(0.084 0.007354872431 0)
(0.086 0.007354872431 0)
(0.088 0.007354872431 0)
(0.09 0.007354872431 0)
(0.092 0.007354872431 0)
(0.094 0.007354872431 0)
(0.096 0.007354872431 0)
(0.098 0.007354872431 0)
(0.1 0.007354872431 0)
(0 0.007927176835 0)
(0.002 0.007927176835 0)
(0.004 0.007927176835 0)
(0.006 0.007927176835 0)
(0.008 0.007927176835 0)
(0.01 0.007927176835 0)
(0.012 0.007927176835 0)
(0.014 0.007927176835 0)
(0.016 0.007927176835 0)
(0.018 0.007927176835 0)
(0.02 0.007927176835 0)
(0.022 0.007927176835 0)
(0.024 0.007927176835 0)
(0.026 0.007927176835 0)
(0.028 0.007927176835 0)
(0.03 0.007927176835 0)
(0.032 0.007927176835 0)
(0.034 0.007927176835 0)
(0.036 0.007927176835 0)
(0.038 0.007927176835 0)
(0.04 0.007927176835 0)
(0.042 0.007927176835 0)
(0.044 0.007927176835 0)
(0.046 0.007927176835 0)
(0.048 0.007927176835 0)
(0.05 0.007927176835 0)
(0.052 0.007927176835 0)
(0.054 0.007927176835 0)
(0.056 0.007927176835 0)
(0.058 0.007927176835 0)
(0.06 0.007927176835 0)
(0.062 0.007927176835 0)
(0.064 0.007927176835 0)
(0.066 0.007927176835 0)
(0.068 0.007927176835 0)
(0.07 0.007927176835 0)
(0.072 0.007927176835 0)
(0.074 0.007927176835 0)
(0.076 0.007927176835 0)
(0.078 0.007927176835 0)
(0.08 0.007927176835 0)
(0.082 0.007927176835 0)
(0.084 0.007927176835 0)
(0.086 0.007927176835 0)
(0.088 0.007927176835 0)
(0.09 0.007927176835 0)
(0.092 0.007927176835 0)
(0.094 0.007927176835 0)
(0.096 0.007927176835 0)
(0.098 0.007927176835 0)
(0.1 0.007927176835 0)
(0 0.008417781342 0)
(0.002 0.008417781342 0)
(0.004 0.008417781342 0)
(0.006 0.008417781342 0)
(0.008 0.008417781342 0)
(0.01 0.008417781342 0)
(0.012 0.008417781342 0)
(0.014 0.008417781342 0)
(0.016 0.008417781342 0)
(0.018 0.008417781342 0)
(0.02 0.008417781342 0)
(0.022 0.008417781342 0)
(0.024 0.008417781342 0)
(0.026 0.008417781342 0)
(0.028 0.008417781342 0)
(0.03 0.008417781342 0)
(0.032 0.008417781342 0)
(0.034 0.008417781342 0)
(0.036 0.008417781342 0)
(0.038 0.008417781342 0)
(0.04 0.008417781342 0)
(0.042 0.008417781342 0)
(0.044 0.008417781342 0)
(0.046 0.008417781342 0)
(0.048 0.008417781342 0)
(0.05 0.008417781342 0)
(0.052 0.008417781342 0)
(0.054 0.008417781342 0)
(0.056 0.008417781342 0)
(0.058 0.008417781342 0)
(0.06 0.008417781342 0)
(0.062 0.008417781342 0)
(0.064 0.008417781342 0)
(0.066 0.008417781342 0)
(0.068 0.008417781342 0)
(0.07 0.008417781342 0)
(0.072 0.008417781342 0)
(0.074 0.008417781342 0)
(0.076 0.008417781342 0)
(0.078 0.008417781342 0)
(0.08 0.008417781342 0)
(0.082 0.008417781342 0)
(0.084 0.008417781342 0)
(0.086 0.008417781342 0)
(0.088 0.008417781342 0)
(0.09 0.008417781342 0)
(0.092 0.008417781342 0)
(0.094 0.008417781342 0)
(0.096 0.008417781342 0)
(0.098 0.008417781342 0)
(0.1 0.008417781342 0)
(0 0.008838349103 0)
(0.002 0.008838349103 0)
(0.004 0.008838349103 0)
(0.006 0.008838349103 0)
(0.008 0.008838349103 0)
(0.01 0.008838349103 0)
(0.012 0.008838349103 0)
(0.014 0.008838349103 0)
(0.016 0.008838349103 0)
(0.018 0.008838349103 0)
(0.02 0.008838349103 0)
(0.022 0.008838349103 0)
(0.024 0.008838349103 0)
(0.026 0.008838349103 0)
(0.028 0.008838349103 0)
(0.03 0.008838349103 0)
(0.032 0.008838349103 0)
(0.034 0.008838349103 0)
(0.036 0.008838349103 0)
(0.038 0.008838349103 0)
(0.04 0.008838349103 0)
(0.042 0.008838349103 0)
(0.044 0.008838349103 0)
(0.046 0.008838349103 0)
(0.048 0.008838349103 0)
(0.05 0.008838349103 0)
(0.052 0.008838349103 0)
(0.054 0.008838349103 0)
(0.056 0.008838349103 0)
(0.058 0.008838349103 0)
(0.06 0.008838349103 0)
(0.062 0.008838349103 0)
(0.064 0.008838349103 0)
(0.066 0.008838349103 0)
(0.068 0.008838349103 0)
(0.07 0.008838349103 0)
(0.072 0.008838349103 0)
(0.074 0.008838349103 0)
(0.076 0.008838349103 0)
(0.078 0.008838349103 0)
(0.08 0.008838349103 0)
(0.082 0.008838349103 0)
(0.084 0.008838349103 0)
(0.086 0.008838349103 0)
(0.088 0.008838349103 0)
(0.09 0.008838349103 0)
(0.092 0.008838349103 0)
(0.094 0.008838349103 0)
(0.096 0.008838349103 0)
(0.098 0.008838349103 0)
(0.1 0.008838349103 0)
(0 0.009198878286 0)
(0.002 0.009198878286 0)
(0.004 0.009198878286 0)
(0.006 0.009198878286 0)
(0.008 0.009198878286 0)
(0.01 0.009198878286 0)
(0.012 0.009198878286 0)
(0.014 0.009198878286 0)
(0.016 0.009198878286 0)
(0.018 0.009198878286 0)
(0.02 0.009198878286 0)
(0.022 0.009198878286 0)
(0.024 0.009198878286 0)
(0.026 0.009198878286 0)
(0.028 0.009198878286 0)
(0.03 0.009198878286 0)
(0.032 0.009198878286 0)
(0.034 0.009198878286 0)
(0.036 0.009198878286 0)
(0.038 0.009198878286 0)
(0.04 0.009198878286 0)
(0.042 0.009198878286 0)
(0.044 0.009198878286 0)
(0.046 0.009198878286 0)
(0.048 0.009198878286 0)
(0.05 0.009198878286 0)
(0.052 0.009198878286 0)
(0.054 0.009198878286 0)
(0.056 0.009198878286 0)
(0.058 0.009198878286 0)
(0.06 0.009198878286 0)
(0.062 0.009198878286 0)
(0.064 0.009198878286 0)
(0.066 0.009198878286 0)
(0.068 0.009198878286 0)
(0.07 0.009198878286 0)
(0.072 0.009198878286 0)
(0.074 0.009198878286 0)
(0.076 0.009198878286 0)
(0.078 0.009198878286 0)
(0.08 0.009198878286 0)
(0.082 0.009198878286 0)
(0.084 0.009198878286 0)
(0.086 0.009198878286 0)
(0.088 0.009198878286 0)
(0.09 0.009198878286 0)
(0.092 0.009198878286 0)
(0.094 0.009198878286 0)
(0.096 0.009198878286 0)
(0.098 0.009198878286 0)
(0.1 0.009198878286 0)
(0 0.009507939759 0)
(0.002 0.009507939759 0)
(0.004 0.009507939759 0)
(0.006 0.009507939759 0)
(0.008 0.009507939759 0)
(0.01 0.009507939759 0)
(0.012 0.009507939759 0)
(0.014 0.009507939759 0)
(0.016 0.009507939759 0)
(0.018 0.009507939759 0)
(0.02 0.009507939759 0)
(0.022 0.009507939759 0)
(0.024 0.009507939759 0)
(0.026 0.009507939759 0)
(0.028 0.009507939759 0)
(0.03 0.009507939759 0)
(0.032 0.009507939759 0)
(0.034 0.009507939759 0)
(0.036 0.009507939759 0)
(0.038 0.009507939759 0)
(0.04 0.009507939759 0)
(0.042 0.009507939759 0)
(0.044 0.009507939759 0)
(0.046 0.009507939759 0)
(0.048 0.009507939759 0)
(0.05 0.009507939759 0)
(0.052 0.009507939759 0)
(0.054 0.009507939759 0)
(0.056 0.009507939759 0)
(0.058 0.009507939759 0)
(0.06 0.009507939759 0)
(0.062 0.009507939759 0)
(0.064 0.009507939759 0)
(0.066 0.009507939759 0)
(0.068 0.009507939759 0)
(0.07 0.009507939759 0)
(0.072 0.009507939759 0)
(0.074 0.009507939759 0)
(0.076 0.009507939759 0)
(0.078 0.009507939759 0)
(0.08 0.009507939759 0)
(0.082 0.009507939759 0)
(0.084 0.009507939759 0)
(0.086 0.009507939759 0)
(0.088 0.009507939759 0)
(0.09 0.009507939759 0)
(0.092 0.009507939759 0)
(0.094 0.009507939759 0)
(0.096 0.009507939759 0)
(0.098 0.009507939759 0)
(0.1 0.009507939759 0)
(0 0.009772880847 0)
(0.002 0.009772880847 0)
(0.004 0.009772880847 0)
(0.006 0.009772880847 0)
(0.008 0.009772880847 0)
(0.01 0.009772880847 0)
(0.012 0.009772880847 0)
(0.014 0.009772880847 0)
(0.016 0.009772880847 0)
(0.018 0.009772880847 0)
(0.02 0.009772880847 0)
(0.022 0.009772880847 0)
(0.024 0.009772880847 0)
(0.026 0.009772880847 0)
(0.028 0.009772880847 0)
(0.03 0.009772880847 0)
(0.032 0.009772880847 0)
(0.034 0.009772880847 0)
(0.036 0.009772880847 0)
(0.038 0.009772880847 0)
(0.04 0.009772880847 0)
(0.042 0.009772880847 0)
(0.044 0.009772880847 0)
(0.046 0.009772880847 0)
(0.048 0.009772880847 0)
(0.05 0.009772880847 0)
(0.052 0.009772880847 0)
(0.054 0.009772880847 0)
(0.056 0.009772880847 0)
(0.058 0.009772880847 0)
(0.06 0.009772880847 0)
(0.062 0.009772880847 0)
(0.064 0.009772880847 0)
(0.066 0.009772880847 0)
(0.068 0.009772880847 0)
(0.07 0.009772880847 0)
(0.072 0.009772880847 0)
(0.074 0.009772880847 0)
(0.076 0.009772880847 0)
(0.078 0.009772880847 0)
(0.08 0.009772880847 0)
(0.082 0.009772880847 0)
(0.084 0.009772880847 0)
(0.086 0.009772880847 0)
(0.088 0.009772880847 0)
(0.09 0.009772880847 0)
(0.092 0.009772880847 0)
(0.094 0.009772880847 0)
(0.096 0.009772880847 0)
(0.098 0.009772880847 0)
(0.1 0.009772880847 0)
(0 0.01 0)
(0.002 0.01 0)
(0.004 0.01 0)
(0.006 0.01 0)
(0.008 0.01 0)
(0.01 0.01 0)
(0.012 0.01 0)
(0.014 0.01 0)
(0.016 0.01 0)
(0.018 0.01 0)
(0.02 0.01 0)
(0.022 0.01 0)
(0.024 0.01 0)
(0.026 0.01 0)
(0.028 0.01 0)
(0.03 0.01 0)
(0.032 0.01 0)
(0.034 0.01 0)
(0.036 0.01 0)
(0.038 0.01 0)
(0.04 0.01 0)
(0.042 0.01 0)
(0.044 0.01 0)
(0.046 0.01 0)
(0.048 0.01 0)
(0.05 0.01 0)
(0.052 0.01 0)
(0.054 0.01 0)
(0.056 0.01 0)
(0.058 0.01 0)
(0.06 0.01 0)
(0.062 0.01 0)
(0.064 0.01 0)
(0.066 0.01 0)
(0.068 0.01 0)
(0.07 0.01 0)
(0.072 0.01 0)
(0.074 0.01 0)
(0.076 0.01 0)
(0.078 0.01 0)
(0.08 0.01 0)
(0.082 0.01 0)
(0.084 0.01 0)
(0.086 0.01 0)
(0.088 0.01 0)
(0.09 0.01 0)
(0.092 0.01 0)
(0.094 0.01 0)
(0.096 0.01 0)
(0.098 0.01 0)
(0.1 0.01 0)
(0 0 0.001)
(0.002 0 0.001)
(0.004 0 0.001)
(0.006 0 0.001)
(0.008 0 0.001)
(0.01 0 0.001)
(0.012 0 0.001)
(0.014 0 0.001)
(0.016 0 0.001)
(0.018 0 0.001)
(0.02 0 0.001)
(0.022 0 0.001)
(0.024 0 0.001)
(0.026 0 0.001)
(0.028 0 0.001)
(0.03 0 0.001)
(0.032 0 0.001)
(0.034 0 0.001)
(0.036 0 0.001)
(0.038 0 0.001)
(0.04 0 0.001)
(0.042 0 0.001)
(0.044 0 0.001)
(0.046 0 0.001)
(0.048 0 0.001)
(0.05 0 0.001)
(0.052 0 0.001)
(0.054 0 0.001)
(0.056 0 0.001)
(0.058 0 0.001)
(0.06 0 0.001)
(0.062 0 0.001)
(0.064 0 0.001)
(0.066 0 0.001)
(0.068 0 0.001)
(0.07 0 0.001)
(0.072 0 0.001)
(0.074 0 0.001)
(0.076 0 0.001)
(0.078 0 0.001)
(0.08 0 0.001)
(0.082 0 0.001)
(0.084 0 0.001)
(0.086 0 0.001)
(0.088 0 0.001)
(0.09 0 0.001)
(0.092 0 0.001)
(0.094 0 0.001)
(0.096 0 0.001)
(0.098 0 0.001)
(0.1 0 0.001)
(0 0.0002271191533 0.001)
(0.002 0.0002271191533 0.001)
(0.004 0.0002271191533 0.001)
(0.006 0.0002271191533 0.001)
(0.008 0.0002271191533 0.001)
(0.01 0.0002271191533 0.001)
(0.012 0.0002271191533 0.001)
(0.014 0.0002271191533 0.001)
(0.016 0.0002271191533 0.001)
(0.018 0.0002271191533 0.001)
(0.02 0.0002271191533 0.001)
(0.022 0.0002271191533 0.001)
(0.024 0.0002271191533 0.001)
(0.026 0.0002271191533 0.001)
(0.028 0.0002271191533 0.001)
(0.03 0.0002271191533 0.001)
(0.032 0.0002271191533 0.001)
(0.034 0.0002271191533 0.001)
(0.036 0.0002271191533 0.001)
(0.038 0.0002271191533 0.001)
(0.04 0.0002271191533 0.001)
(0.042 0.0002271191533 0.001)
(0.044 0.0002271191533 0.001)
(0.046 0.0002271191533 0.001)
(0.048 0.0002271191533 0.001)
(0.05 0.0002271191533 0.001)
(0.052 0.0002271191533 0.001)
(0.054 0.0002271191533 0.001)
(0.056 0.0002271191533 0.001)
(0.058 0.0002271191533 0.001)
(0.06 0.0002271191533 0.001)
(0.062 0.0002271191533 0.001)
(0.064 0.0002271191533 0.001)
(0.066 0.0002271191533 0.001)
(0.068 0.0002271191533 0.001)
(0.07 0.0002271191533 0.001)
(0.072 0.0002271191533 0.001)
(0.074 0.0002271191533 0.001)
(0.076 0.0002271191533 0.001)
(0.078 0.0002271191533 0.001)
(0.08 0.0002271191533 0.001)
(0.082 0.0002271191533 0.001)
(0.084 0.0002271191533 0.001)
(0.086 0.0002271191533 0.001)
(0.088 0.0002271191533 0.001)
(0.09 0.0002271191533 0.001)
(0.092 0.0002271191533 0.001)
(0.094 0.0002271191533 0.001)
(0.096 0.0002271191533 0.001)
(0.098 0.0002271191533 0.001)
(0.1 0.0002271191533 0.001)
(0 0.0004920602411 0.001)
(0.002 0.0004920602411 0.001)
(0.004 0.0004920602411 0.001)
(0.006 0.0004920602411 0.001)
(0.008 0.0004920602411 0.001)
(0.01 0.0004920602411 0.001)
(0.012 0.0004920602411 0.001)
(0.014 0.0004920602411 0.001)
(0.016 0.0004920602411 0.001)
(0.018 0.0004920602411 0.001)
(0.02 0.0004920602411 0.001)
(0.022 0.0004920602411 0.001)
(0.024 0.0004920602411 0.001)
(0.026 0.0004920602411 0.001)
(0.028 0.0004920602411 0.001)
(0.03 0.0004920602411 0.001)
(0.032 0.0004920602411 0.001)
(0.034 0.0004920602411 0.001)
(0.036 0.0004920602411 0.001)
(0.038 0.0004920602411 0.001)
(0.04 0.0004920602411 0.001)
(0.042 0.0004920602411 0.001)
(0.044 0.0004920602411 0.001)
(0.046 0.0004920602411 0.001)
(0.048 0.0004920602411 0.001)
(0.05 0.0004920602411 0.001)
(0.052 0.0004920602411 0.001)
(0.054 0.0004920602411 0.001)
(0.056 0.0004920602411 0.001)
(0.058 0.0004920602411 0.001)
(0.06 0.0004920602411 0.001)
(0.062 0.0004920602411 0.001)
(0.064 0.0004920602411 0.001)
(0.066 0.0004920602411 0.001)
(0.068 0.0004920602411 0.001)
(0.07 0.0004920602411 0.001)
(0.072 0.0004920602411 0.001)
(0.074 0.0004920602411 0.001)
(0.076 0.0004920602411 0.001)
(0.078 0.0004920602411 0.001)
(0.08 0.0004920602411 0.001)
(0.082 0.0004920602411 0.001)
(0.084 0.0004920602411 0.001)
(0.086 0.0004920602411 0.001)
(0.088 0.0004920602411 0.001)
(0.09 0.0004920602411 0.001)
(0.092 0.0004920602411 0.001)
(0.094 0.0004920602411 0.001)
(0.096 0.0004920602411 0.001)
(0.098 0.0004920602411 0.001)
(0.1 0.0004920602411 0.001)
(0 0.0008011217138 0.001)
(0.002 0.0008011217138 0.001)
(0.004 0.0008011217138 0.001)
(0.006 0.0008011217138 0.001)
(0.008 0.0008011217138 0.001)
(0.01 0.0008011217138 0.001)
(0.012 0.0008011217138 0.001)
(0.014 0.0008011217138 0.001)
(0.016 0.0008011217138 0.001)
(0.018 0.0008011217138 0.001)
(0.02 0.0008011217138 0.001)
(0.022 0.0008011217138 0.001)
(0.024 0.0008011217138 0.001)
(0.026 0.0008011217138 0.001)
(0.028 0.0008011217138 0.001)
(0.03 0.0008011217138 0.001)
(0.032 0.0008011217138 0.001)
(0.034 0.0008011217138 0.001)
(0.036 0.0008011217138 0.001)
(0.038 0.0008011217138 0.001)
(0.04 0.0008011217138 0.001)
(0.042 0.0008011217138 0.001)
(0.044 0.0008011217138 0.001)
(0.046 0.0008011217138 0.001)
(0.048 0.0008011217138 0.001)
(0.05 0.0008011217138 0.001)
(0.052 0.0008011217138 0.001)
(0.054 0.0008011217138 0.001)
(0.056 0.0008011217138 0.001)
(0.058 0.0008011217138 0.001)
(0.06 0.0008011217138 0.001)
(0.062 0.0008011217138 0.001)
(0.064 0.0008011217138 0.001)
(0.066 0.0008011217138 0.001)
(0.068 0.0008011217138 0.001)
(0.07 0.0008011217138 0.001)
(0.072 0.0008011217138 0.001)
(0.074 0.0008011217138 0.001)
(0.076 0.0008011217138 0.001)
(0.078 0.0008011217138 0.001)
(0.08 0.0008011217138 0.001)
(0.082 0.0008011217138 0.001)
(0.084 0.0008011217138 0.001)
(0.086 0.0008011217138 0.001)
(0.088 0.0008011217138 0.001)
(0.09 0.0008011217138 0.001)
(0.092 0.0008011217138 0.001)
(0.094 0.0008011217138 0.001)
(0.096 0.0008011217138 0.001)
(0.098 0.0008011217138 0.001)
(0.1 0.0008011217138 0.001)
(0 0.001161650897 0.001)
(0.002 0.001161650897 0.001)
(0.004 0.001161650897 0.001)
(0.006 0.001161650897 0.001)
(0.008 0.001161650897 0.001)
(0.01 0.001161650897 0.001)
(0.012 0.001161650897 0.001)
(0.014 0.001161650897 0.001)
(0.016 0.001161650897 0.001)
(0.018 0.001161650897 0.001)
(0.02 0.001161650897 0.001)
(0.022 0.001161650897 0.001)
(0.024 0.001161650897 0.001)
(0.026 0.001161650897 0.001)
(0.028 0.001161650897 0.001)
(0.03 0.001161650897 0.001)
(0.032 0.001161650897 0.001)
(0.034 0.001161650897 0.001)
(0.036 0.001161650897 0.001)
(0.038 0.001161650897 0.001)
(0.04 0.001161650897 0.001)
(0.042 0.001161650897 0.001)
(0.044 0.001161650897 0.001)
(0.046 0.001161650897 0.001)
(0.048 0.001161650897 0.001)
(0.05 0.001161650897 0.001)
(0.052 0.001161650897 0.001)
(0.054 0.001161650897 0.001)
(0.056 0.001161650897 0.001)
(0.058 0.001161650897 0.001)
(0.06 0.001161650897 0.001)
(0.062 0.001161650897 0.001)
(0.064 0.001161650897 0.001)
(0.066 0.001161650897 0.001)
(0.068 0.001161650897 0.001)
(0.07 0.001161650897 0.001)
(0.072 0.001161650897 0.001)
(0.074 0.001161650897 0.001)
(0.076 0.001161650897 0.001)
(0.078 0.001161650897 0.001)
(0.08 0.001161650897 0.001)
(0.082 0.001161650897 0.001)
(0.084 0.001161650897 0.001)
(0.086 0.001161650897 0.001)
(0.088 0.001161650897 0.001)
(0.09 0.001161650897 0.001)
(0.092 0.001161650897 0.001)
(0.094 0.001161650897 0.001)
(0.096 0.001161650897 0.001)
(0.098 0.001161650897 0.001)
(0.1 0.001161650897 0.001)
(0 0.001582218658 0.001)
(0.002 0.001582218658 0.001)
(0.004 0.001582218658 0.001)
(0.006 0.001582218658 0.001)
(0.008 0.001582218658 0.001)
(0.01 0.001582218658 0.001)
(0.012 0.001582218658 0.001)
(0.014 0.001582218658 0.001)
(0.016 0.001582218658 0.001)
(0.018 0.001582218658 0.001)
(0.02 0.001582218658 0.001)
(0.022 0.001582218658 0.001)
(0.024 0.001582218658 0.001)
(0.026 0.001582218658 0.001)
(0.028 0.001582218658 0.001)
(0.03 0.001582218658 0.001)
(0.032 0.001582218658 0.001)
(0.034 0.001582218658 0.001)
(0.036 0.001582218658 0.001)
(0.038 0.001582218658 0.001)
(0.04 0.001582218658 0.001)
(0.042 0.001582218658 0.001)
(0.044 0.001582218658 0.001)
(0.046 0.001582218658 0.001)
(0.048 0.001582218658 0.001)
(0.05 0.001582218658 0.001)
(0.052 0.001582218658 0.001)
(0.054 0.001582218658 0.001)
(0.056 0.001582218658 0.001)
(0.058 0.001582218658 0.001)
(0.06 0.001582218658 0.001)
(0.062 0.001582218658 0.001)
(0.064 0.001582218658 0.001)
(0.066 0.001582218658 0.001)
(0.068 0.001582218658 0.001)
(0.07 0.001582218658 0.001)
(0.072 0.001582218658 0.001)
(0.074 0.001582218658 0.001)
(0.076 0.001582218658 0.001)
(0.078 0.001582218658 0.001)
(0.08 0.001582218658 0.001)
(0.082 0.001582218658 0.001)
(0.084 0.001582218658 0.001)
(0.086 0.001582218658 0.001)
(0.088 0.001582218658 0.001)
(0.09 0.001582218658 0.001)
(0.092 0.001582218658 0.001)
(0.094 0.001582218658 0.001)
(0.096 0.001582218658 0.001)
(0.098 0.001582218658 0.001)
(0.1 0.001582218658 0.001)
(0 0.002072823165 0.001)
(0.002 0.002072823165 0.001)
(0.004 0.002072823165 0.001)
(0.006 0.002072823165 0.001)
(0.008 0.002072823165 0.001)
(0.01 0.002072823165 0.001)
(0.012 0.002072823165 0.001)
(0.014 0.002072823165 0.001)
(0.016 0.002072823165 0.001)
(0.018 0.002072823165 0.001)
(0.02 0.002072823165 0.001)
(0.022 0.002072823165 0.001)
(0.024 0.002072823165 0.001)
(0.026 0.002072823165 0.001)
(0.028 0.002072823165 0.001)
(0.03 0.002072823165 0.001)
(0.032 0.002072823165 0.001)
(0.034 0.002072823165 0.001)
(0.036 0.002072823165 0.001)
(0.038 0.002072823165 0.001)
(0.04 0.002072823165 0.001)
(0.042 0.002072823165 0.001)
(0.044 0.002072823165 0.001)
(0.046 0.002072823165 0.001)
(0.048 0.002072823165 0.001)
(0.05 0.002072823165 0.001)
(0.052 0.002072823165 0.001)
(0.054 0.002072823165 0.001)
(0.056 0.002072823165 0.001)
(0.058 0.002072823165 0.001)
(0.06 0.002072823165 0.001)
(0.062 0.002072823165 0.001)
(0.064 0.002072823165 0.001)
(0.066 0.002072823165 0.001)
(0.068 0.002072823165 0.001)
(0.07 0.002072823165 0.001)
(0.072 0.002072823165 0.001)
(0.074 0.002072823165 0.001)
(0.076 0.002072823165 0.001)
(0.078 0.002072823165 0.001)
(0.08 0.002072823165 0.001)
(0.082 0.002072823165 0.001)
(0.084 0.002072823165 0.001)
(0.086 0.002072823165 0.001)
(0.088 0.002072823165 0.001)
(0.09 0.002072823165 0.001)
(0.092 0.002072823165 0.001)
(0.094 0.002072823165 0.001)
(0.096 0.002072823165 0.001)
(0.098 0.002072823165 0.001)
(0.1 0.002072823165 0.001)
(0 0.002645127569 0.001)
(0.002 0.002645127569 0.001)
(0.004 0.002645127569 0.001)
(0.006 0.002645127569 0.001)
(0.008 0.002645127569 0.001)
(0.01 0.002645127569 0.001)
(0.012 0.002645127569 0.001)
(0.014 0.002645127569 0.001)
(0.016 0.002645127569 0.001)
(0.018 0.002645127569 0.001)
(0.02 0.002645127569 0.001)
(0.022 0.002645127569 0.001)
(0.024 0.002645127569 0.001)
(0.026 0.002645127569 0.001)
(0.028 0.002645127569 0.001)
(0.03 0.002645127569 0.001)
(0.032 0.002645127569 0.001)
(0.034 0.002645127569 0.001)
(0.036 0.002645127569 0.001)
(0.038 0.002645127569 0.001)
(0.04 0.002645127569 0.001)
(0.042 0.002645127569 0.001)
(0.044 0.002645127569 0.001)
(0.046 0.002645127569 0.001)
(0.048 0.002645127569 0.001)
(0.05 0.002645127569 0.001)
(0.052 0.002645127569 0.001)
(0.054 0.002645127569 0.001)
(0.056 0.002645127569 0.001)
(0.058 0.002645127569 0.001)
(0.06 0.002645127569 0.001)
(0.062 0.002645127569 0.001)
(0.064 0.002645127569 0.001)
(0.066 0.002645127569 0.001)
(0.068 0.002645127569 0.001)
(0.07 0.002645127569 0.001)
(0.072 0.002645127569 0.001)
(0.074 0.002645127569 0.001)
(0.076 0.002645127569 0.001)
(0.078 0.002645127569 0.001)
(0.08 0.002645127569 0.001)
(0.082 0.002645127569 0.001)
(0.084 0.002645127569 0.001)
(0.086 0.002645127569 0.001)
(0.088 0.002645127569 0.001)
(0.09 0.002645127569 0.001)
(0.092 0.002645127569 0.001)
(0.094 0.002645127569 0.001)
(0.096 0.002645127569 0.001)
(0.098 0.002645127569 0.001)
(0.1 0.002645127569 0.001)
(0 0.003312737276 0.001)
(0.002 0.003312737276 0.001)
(0.004 0.003312737276 0.001)
(0.006 0.003312737276 0.001)
(0.008 0.003312737276 0.001)
(0.01 0.003312737276 0.001)
(0.012 0.003312737276 0.001)
(0.014 0.003312737276 0.001)
(0.016 0.003312737276 0.001)
(0.018 0.003312737276 0.001)
(0.02 0.003312737276 0.001)
(0.022 0.003312737276 0.001)
(0.024 0.003312737276 0.001)
(0.026 0.003312737276 0.001)
(0.028 0.003312737276 0.001)
(0.03 0.003312737276 0.001)
(0.032 0.003312737276 0.001)
(0.034 0.003312737276 0.001)
(0.036 0.003312737276 0.001)
(0.038 0.003312737276 0.001)
(0.04 0.003312737276 0.001)
(0.042 0.003312737276 0.001)
(0.044 0.003312737276 0.001)
(0.046 0.003312737276 0.001)
(0.048 0.003312737276 0.001)
(0.05 0.003312737276 0.001)
(0.052 0.003312737276 0.001)
(0.054 0.003312737276 0.001)
(0.056 0.003312737276 0.001)
(0.058 0.003312737276 0.001)
(0.06 0.003312737276 0.001)
(0.062 0.003312737276 0.001)
(0.064 0.003312737276 0.001)
(0.066 0.003312737276 0.001)
(0.068 0.003312737276 0.001)
(0.07 0.003312737276 0.001)
(0.072 0.003312737276 0.001)
(0.074 0.003312737276 0.001)
(0.076 0.003312737276 0.001)
(0.078 0.003312737276 0.001)
(0.08 0.003312737276 0.001)
(0.082 0.003312737276 0.001)
(0.084 0.003312737276 0.001)
(0.086 0.003312737276 0.001)
(0.088 0.003312737276 0.001)
(0.09 0.003312737276 0.001)
(0.092 0.003312737276 0.001)
(0.094 0.003312737276 0.001)
(0.096 0.003312737276 0.001)
(0.098 0.003312737276 0.001)
(0.1 0.003312737276 0.001)
(0 0.004091523387 0.001)
(0.002 0.004091523387 0.001)
(0.004 0.004091523387 0.001)
(0.006 0.004091523387 0.001)
(0.008 0.004091523387 0.001)
(0.01 0.004091523387 0.001)
(0.012 0.004091523387 0.001)
(0.014 0.004091523387 0.001)
(0.016 0.004091523387 0.001)
(0.018 0.004091523387 0.001)
(0.02 0.004091523387 0.001)
(0.022 0.004091523387 0.001)
(0.024 0.004091523387 0.001)
(0.026 0.004091523387 0.001)
(0.028 0.004091523387 0.001)
(0.03 0.004091523387 0.001)
(0.032 0.004091523387 0.001)
(0.034 0.004091523387 0.001)
(0.036 0.004091523387 0.001)
(0.038 0.004091523387 0.001)
(0.04 0.004091523387 0.001)
(0.042 0.004091523387 0.001)
(0.044 0.004091523387 0.001)
(0.046 0.004091523387 0.001)
(0.048 0.004091523387 0.001)
(0.05 0.004091523387 0.001)
(0.052 0.004091523387 0.001)
(0.054 0.004091523387 0.001)
(0.056 0.004091523387 0.001)
(0.058 0.004091523387 0.001)
(0.06 0.004091523387 0.001)
(0.062 0.004091523387 0.001)
(0.064 0.004091523387 0.001)
(0.066 0.004091523387 0.001)
(0.068 0.004091523387 0.001)
(0.07 0.004091523387 0.001)
(0.072 0.004091523387 0.001)
(0.074 0.004091523387 0.001)
(0.076 0.004091523387 0.001)
(0.078 0.004091523387 0.001)
(0.08 0.004091523387 0.001)
(0.082 0.004091523387 0.001)
(0.084 0.004091523387 0.001)
(0.086 0.004091523387 0.001)
(0.088 0.004091523387 0.001)
(0.09 0.004091523387 0.001)
(0.092 0.004091523387 0.001)
(0.094 0.004091523387 0.001)
(0.096 0.004091523387 0.001)
(0.098 0.004091523387 0.001)
(0.1 0.004091523387 0.001)
(0 0.005 0.001)
(0.002 0.005 0.001)
(0.004 0.005 0.001)
(0.006 0.005 0.001)
(0.008 0.005 0.001)
(0.01 0.005 0.001)
(0.012 0.005 0.001)
(0.014 0.005 0.001)
(0.016 0.005 0.001)
(0.018 0.005 0.001)
(0.02 0.005 0.001)
(0.022 0.005 0.001)
(0.024 0.005 0.001)
(0.026 0.005 0.001)
(0.028 0.005 0.001)
(0.03 0.005 0.001)
(0.032 0.005 0.001)
(0.034 0.005 0.001)
(0.036 0.005 0.001)
(0.038 0.005 0.001)
(0.04 0.005 0.001)
(0.042 0.005 0.001)
(0.044 0.005 0.001)
(0.046 0.005 0.001)
(0.048 0.005 0.001)
(0.05 0.005 0.001)
(0.052 0.005 0.001)
(0.054 0.005 0.001)
(0.056 0.005 0.001)
(0.058 0.005 0.001)
(0.06 0.005 0.001)
(0.062 0.005 0.001)
(0.064 0.005 0.001)
(0.066 0.005 0.001)
(0.068 0.005 0.001)
(0.07 0.005 0.001)
(0.072 0.005 0.001)
(0.074 0.005 0.001)
(0.076 0.005 0.001)
(0.078 0.005 0.001)
(0.08 0.005 0.001)
(0.082 0.005 0.001)
(0.084 0.005 0.001)
(0.086 0.005 0.001)
(0.088 0.005 0.001)
(0.09 0.005 0.001)
(0.092 0.005 0.001)
(0.094 0.005 0.001)
(0.096 0.005 0.001)
(0.098 0.005 0.001)
(0.1 0.005 0.001)
(0 0.005908476613 0.001)
(0.002 0.005908476613 0.001)
(0.004 0.005908476613 0.001)
(0.006 0.005908476613 0.001)
(0.008 0.005908476613 0.001)
(0.01 0.005908476613 0.001)
(0.012 0.005908476613 0.001)
(0.014 0.005908476613 0.001)
(0.016 0.005908476613 0.001)
(0.018 0.005908476613 0.001)
(0.02 0.005908476613 0.001)
(0.022 0.005908476613 0.001)
(0.024 0.005908476613 0.001)
(0.026 0.005908476613 0.001)
(0.028 0.005908476613 0.001)
(0.03 0.005908476613 0.001)
(0.032 0.005908476613 0.001)
(0.034 0.005908476613 0.001)
(0.036 0.005908476613 0.001)
(0.038 0.005908476613 0.001)
(0.04 0.005908476613 0.001)
(0.042 0.005908476613 0.001)
(0.044 0.005908476613 0.001)
(0.046 0.005908476613 0.001)
(0.048 0.005908476613 0.001)
(0.05 0.005908476613 0.001)
(0.052 0.005908476613 0.001)
(0.054 0.005908476613 0.001)
(0.056 0.005908476613 0.001)
(0.058 0.005908476613 0.001)
(0.06 0.005908476613 0.001)
(0.062 0.005908476613 0.001)
(0.064 0.005908476613 0.001)
(0.066 0.005908476613 0.001)
(0.068 0.005908476613 0.001)
(0.07 0.005908476613 0.001)
(0.072 0.005908476613 0.001)
(0.074 0.005908476613 0.001)
(0.076 0.005908476613 0.001)
(0.078 0.005908476613 0.001)
(0.08 0.005908476613 0.001)
(0.082 0.005908476613 0.001)
(0.084 0.005908476613 0.001)
(0.086 0.005908476613 0.001)
(0.088 0.005908476613 0.001)
(0.09 0.005908476613 0.001)
(0.092 0.005908476613 0.001)
(0.094 0.005908476613 0.001)
(0.096 0.005908476613 0.001)
(0.098 0.005908476613 0.001)
(0.1 0.005908476613 0.001)
(0 0.006687262724 0.001)
(0.002 0.006687262724 0.001)
(0.004 0.006687262724 0.001)
(0.006 0.006687262724 0.001)
(0.008 0.006687262724 0.001)
(0.01 0.006687262724 0.001)
(0.012 0.006687262724 0.001)
(0.014 0.006687262724 0.001)
(0.016 0.006687262724 0.001)
(0.018 0.006687262724 0.001)
(0.02 0.006687262724 0.001)
(0.022 0.006687262724 0.001)
(0.024 0.006687262724 0.001)
(0.026 0.006687262724 0.001)
(0.028 0.006687262724 0.001)
(0.03 0.006687262724 0.001)
(0.032 0.006687262724 0.001)
(0.034 0.006687262724 0.001)
(0.036 0.006687262724 0.001)
(0.038 0.006687262724 0.001)
(0.04 0.006687262724 0.001)
(0.042 0.006687262724 0.001)
(0.044 0.006687262724 0.001)
(0.046 0.006687262724 0.001)
(0.048 0.006687262724 0.001)
(0.05 0.006687262724 0.001)
(0.052 0.006687262724 0.001)
(0.054 0.006687262724 0.001)
(0.056 0.006687262724 0.001)
(0.058 0.006687262724 0.001)
(0.06 0.006687262724 0.001)
(0.062 0.006687262724 0.001)
(0.064 0.006687262724 0.001)
(0.066 0.006687262724 0.001)
(0.068 0.006687262724 0.001)
(0.07 0.006687262724 0.001)
(0.072 0.006687262724 0.001)
(0.074 0.006687262724 0.001)
(0.076 0.006687262724 0.001)
(0.078 0.006687262724 0.001)
(0.08 0.006687262724 0.001)
(0.082 0.006687262724 0.001)
(0.084 0.006687262724 0.001)
(0.086 0.006687262724 0.001)
(0.088 0.006687262724 0.001)
(0.09 0.006687262724 0.001)
(0.092 0.006687262724 0.001)
(0.094 0.006687262724 0.001)
(0.096 0.006687262724 0.001)
(0.098 0.006687262724 0.001)
(0.1 0.006687262724 0.001)
(0 0.007354872431 0.001)
(0.002 0.007354872431 0.001)
(0.004 0.007354872431 0.001)
(0.006 0.007354872431 0.001)
(0.008 0.007354872431 0.001)
(0.01 0.007354872431 0.001)
(0.012 0.007354872431 0.001)
(0.014 0.007354872431 0.001)
(0.016 0.007354872431 0.001)
(0.018 0.007354872431 0.001)
(0.02 0.007354872431 0.001)
(0.022 0.007354872431 0.001)
(0.024 0.007354872431 0.001)
(0.026 0.007354872431 0.001)
(0.028 0.007354872431 0.001)
(0.03 0.007354872431 0.001)
(0.032 0.007354872431 0.001)
(0.034 0.007354872431 0.001)
(0.036 0.007354872431 0.001)
(0.038 0.007354872431 0.001)
(0.04 0.007354872431 0.001)
(0.042 0.007354872431 0.001)
(0.044 0.007354872431 0.001)
(0.046 0.007354872431 0.001)
(0.048 0.007354872431 0.001)
(0.05 0.007354872431 0.001)
(0.052 0.007354872431 0.001)
(0.054 0.007354872431 0.001)
(0.056 0.007354872431 0.001)
(0.058 0.007354872431 0.001)
(0.06 0.007354872431 0.001)
(0.062 0.007354872431 0.001)
(0.064 0.007354872431 0.001)
(0.066 0.007354872431 0.001)
(0.068 0.007354872431 0.001)
(0.07 0.007354872431 0.001)
(0.072 0.007354872431 0.001)
(0.074 0.007354872431 0.001)
(0.076 0.007354872431 0.001)
(0.078 0.007354872431 0.001)
(0.08 0.007354872431 0.001)
(0.082 0.007354872431 0.001)
(0.084 0.007354872431 0.001)
(0.086 0.007354872431 0.001)
(0.088 0.007354872431 0.001)
(0.09 0.007354872431 0.001)
(0.092 0.007354872431 0.001)
(0.094 0.007354872431 0.001)
(0.096 0.007354872431 0.001)
(0.098 0.007354872431 0.001)
(0.1 0.007354872431 0.001)
(0 0.007927176835 0.001)
(0.002 0.007927176835 0.001)
(0.004 0.007927176835 0.001)
(0.006 0.007927176835 0.001)
(0.008 0.007927176835 0.001)
(0.01 0.007927176835 0.001)
(0.012 0.007927176835 0.001)
(0.014 0.007927176835 0.001)
(0.016 0.007927176835 0.001)
(0.018 0.007927176835 0.001)
(0.02 0.007927176835 0.001)
(0.022 0.007927176835 0.001)
(0.024 0.007927176835 0.001)
(0.026 0.007927176835 0.001)
(0.028 0.007927176835 0.001)
(0.03 0.007927176835 0.001)
(0.032 0.007927176835 0.001)
(0.034 0.007927176835 0.001)
(0.036 0.007927176835 0.001)
(0.038 0.007927176835 0.001)
(0.04 0.007927176835 0.001)
(0.042 0.007927176835 0.001)
(0.044 0.007927176835 0.001)
(0.046 0.007927176835 0.001)
(0.048 0.007927176835 0.001)
(0.05 0.007927176835 0.001)
(0.052 0.007927176835 0.001)
(0.054 0.007927176835 0.001)
(0.056 0.007927176835 0.001)
(0.058 0.007927176835 0.001)
(0.06 0.007927176835 0.001)
(0.062 0.007927176835 0.001)
(0.064 0.007927176835 0.001)
(0.066 0.007927176835 0.001)
(0.068 0.007927176835 0.001)
(0.07 0.007927176835 0.001)
(0.072 0.007927176835 0.001)
(0.074 0.007927176835 0.001)
(0.076 0.007927176835 0.001)
(0.078 0.007927176835 0.001)
(0.08 0.007927176835 0.001)
(0.082 0.007927176835 0.001)
(0.084 0.007927176835 0.001)
(0.086 0.007927176835 0.001)
(0.088 0.007927176835 0.001)
(0.09 0.007927176835 0.001)
(0.092 0.007927176835 0.001)
(0.094 0.007927176835 0.001)
(0.096 0.007927176835 0.001)
(0.098 0.007927176835 0.001)
(0.1 0.007927176835 0.001)
(0 0.008417781342 0.001)
(0.002 0.008417781342 0.001)
(0.004 0.008417781342 0.001)
(0.006 0.008417781342 0.001)
(0.008 0.008417781342 0.001)
(0.01 0.008417781342 0.001)
(0.012 0.008417781342 0.001)
(0.014 0.008417781342 0.001)
(0.016 0.008417781342 0.001)
(0.018 0.008417781342 0.001)
(0.02 0.008417781342 0.001)
(0.022 0.008417781342 0.001)
(0.024 0.008417781342 0.001)
(0.026 0.008417781342 0.001)
(0.028 0.008417781342 0.001)
(0.03 0.008417781342 0.001)
(0.032 0.008417781342 0.001)
(0.034 0.008417781342 0.001)
(0.036 0.008417781342 0.001)
(0.038 0.008417781342 0.001)
(0.04 0.008417781342 0.001)
(0.042 0.008417781342 0.001)
(0.044 0.008417781342 0.001)
(0.046 0.008417781342 0.001)
(0.048 0.008417781342 0.001)
(0.05 0.008417781342 0.001)
(0.052 0.008417781342 0.001)
(0.054 0.008417781342 0.001)
(0.056 0.008417781342 0.001)
(0.058 0.008417781342 0.001)
(0.06 0.008417781342 0.001)
(0.062 0.008417781342 0.001)
(0.064 0.008417781342 0.001)
(0.066 0.008417781342 0.001)
(0.068 0.008417781342 0.001)
(0.07 0.008417781342 0.001)
(0.072 0.008417781342 0.001)
(0.074 0.008417781342 0.001)
(0.076 0.008417781342 0.001)
(0.078 0.008417781342 0.001)
(0.08 0.008417781342 0.001)
(0.082 0.008417781342 0.001)
(0.084 0.008417781342 0.001)
(0.086 0.008417781342 0.001)
(0.088 0.008417781342 0.001)
(0.09 0.008417781342 0.001)
(0.092 0.008417781342 0.001)
(0.094 0.008417781342 0.001)
(0.096 0.008417781342 0.001)
(0.098 0.008417781342 0.001)
(0.1 0.008417781342 0.001)
(0 0.008838349103 0.001)
(0.002 0.008838349103 0.001)
(0.004 0.008838349103 0.001)
(0.006 0.008838349103 0.001)
(0.008 0.008838349103 0.001)
(0.01 0.008838349103 0.001)
(0.012 0.008838349103 0.001)
(0.014 0.008838349103 0.001)
(0.016 0.008838349103 0.001)
(0.018 0.008838349103 0.001)
(0.02 0.008838349103 0.001)
(0.022 0.008838349103 0.001)
(0.024 0.008838349103 0.001)
(0.026 0.008838349103 0.001)
(0.028 0.008838349103 0.001)
(0.03 0.008838349103 0.001)
(0.032 0.008838349103 0.001)
(0.034 0.008838349103 0.001)
(0.036 0.008838349103 0.001)
(0.038 0.008838349103 0.001)
(0.04 0.008838349103 0.001)
(0.042 0.008838349103 0.001)
(0.044 0.008838349103 0.001)
(0.046 0.008838349103 0.001)
(0.048 0.008838349103 0.001)
(0.05 0.008838349103 0.001)
(0.052 0.008838349103 0.001)
(0.054 0.008838349103 0.001)
(0.056 0.008838349103 0.001)
(0.058 0.008838349103 0.001)
(0.06 0.008838349103 0.001)
(0.062 0.008838349103 0.001)
(0.064 0.008838349103 0.001)
(0.066 0.008838349103 0.001)
(0.068 0.008838349103 0.001)
(0.07 0.008838349103 0.001)
(0.072 0.008838349103 0.001)
(0.074 0.008838349103 0.001)
(0.076 0.008838349103 0.001)
(0.078 0.008838349103 0.001)
(0.08 0.008838349103 0.001)
(0.082 0.008838349103 0.001)
(0.084 0.008838349103 0.001)
(0.086 0.008838349103 0.001)
(0.088 0.008838349103 0.001)
(0.09 0.008838349103 0.001)
(0.092 0.008838349103 0.001)
(0.094 0.008838349103 0.001)
(0.096 0.008838349103 0.001)
(0.098 0.008838349103 0.001)
(0.1 0.008838349103 0.001)
(0 0.009198878286 0.001)
(0.002 0.009198878286 0.001)
(0.004 0.009198878286 0.001)
(0.006 0.009198878286 0.001)
(0.008 0.009198878286 0.001)
(0.01 0.009198878286 0.001)
(0.012 0.009198878286 0.001)
(0.014 0.009198878286 0.001)
(0.016 0.009198878286 0.001)
(0.018 0.009198878286 0.001)
(0.02 0.009198878286 0.001)
(0.022 0.009198878286 0.001)
(0.024 0.009198878286 0.001)
(0.026 0.009198878286 0.001)
(0.028 0.009198878286 0.001)
(0.03 0.009198878286 0.001)
(0.032 0.009198878286 0.001)
(0.034 0.009198878286 0.001)
(0.036 0.009198878286 0.001)
(0.038 0.009198878286 0.001)
(0.04 0.009198878286 0.001)
(0.042 0.009198878286 0.001)
(0.044 0.009198878286 0.001)
(0.046 0.009198878286 0.001)
(0.048 0.009198878286 0.001)
(0.05 0.009198878286 0.001)
(0.052 0.009198878286 0.001)
(0.054 0.009198878286 0.001)
(0.056 0.009198878286 0.001)
(0.058 0.009198878286 0.001)
(0.06 0.009198878286 0.001)
(0.062 0.009198878286 0.001)
(0.064 0.009198878286 0.001)
(0.066 0.009198878286 0.001)
(0.068 0.009198878286 0.001)
(0.07 0.009198878286 0.001)
(0.072 0.009198878286 0.001)
(0.074 0.009198878286 0.001)
(0.076 0.009198878286 0.001)
(0.078 0.009198878286 0.001)
(0.08 0.009198878286 0.001)
(0.082 0.009198878286 0.001)
(0.084 0.009198878286 0.001)
(0.086 0.009198878286 0.001)
(0.088 0.009198878286 0.001)
(0.09 0.009198878286 0.001)
(0.092 0.009198878286 0.001)
(0.094 0.009198878286 0.001)
(0.096 0.009198878286 0.001)
(0.098 0.009198878286 0.001)
(0.1 0.009198878286 0.001)
(0 0.009507939759 0.001)
(0.002 0.009507939759 0.001)
(0.004 0.009507939759 0.001)
(0.006 0.009507939759 0.001)
(0.008 0.009507939759 0.001)
(0.01 0.009507939759 0.001)
(0.012 0.009507939759 0.001)
(0.014 0.009507939759 0.001)
(0.016 0.009507939759 0.001)
(0.018 0.009507939759 0.001)
(0.02 0.009507939759 0.001)
(0.022 0.009507939759 0.001)
(0.024 0.009507939759 0.001)
(0.026 0.009507939759 0.001)
(0.028 0.009507939759 0.001)
(0.03 0.009507939759 0.001)
(0.032 0.009507939759 0.001)
(0.034 0.009507939759 0.001)
(0.036 0.009507939759 0.001)
(0.038 0.009507939759 0.001)
(0.04 0.009507939759 0.001)
(0.042 0.009507939759 0.001)
(0.044 0.009507939759 0.001)
(0.046 0.009507939759 0.001)
(0.048 0.009507939759 0.001)
(0.05 0.009507939759 0.001)
(0.052 0.009507939759 0.001)
(0.054 0.009507939759 0.001)
(0.056 0.009507939759 0.001)
(0.058 0.009507939759 0.001)
(0.06 0.009507939759 0.001)
(0.062 0.009507939759 0.001)
(0.064 0.009507939759 0.001)
(0.066 0.009507939759 0.001)
(0.068 0.009507939759 0.001)
(0.07 0.009507939759 0.001)
(0.072 0.009507939759 0.001)
(0.074 0.009507939759 0.001)
(0.076 0.009507939759 0.001)
(0.078 0.009507939759 0.001)
(0.08 0.009507939759 0.001)
(0.082 0.009507939759 0.001)
(0.084 0.009507939759 0.001)
(0.086 0.009507939759 0.001)
(0.088 0.009507939759 0.001)
(0.09 0.009507939759 0.001)
(0.092 0.009507939759 0.001)
(0.094 0.009507939759 0.001)
(0.096 0.009507939759 0.001)
(0.098 0.009507939759 0.001)
(0.1 0.009507939759 0.001)
(0 0.009772880847 0.001)
(0.002 0.009772880847 0.001)
(0.004 0.009772880847 0.001)
(0.006 0.009772880847 0.001)
(0.008 0.009772880847 0.001)
(0.01 0.009772880847 0.001)
(0.012 0.009772880847 0.001)
(0.014 0.009772880847 0.001)
(0.016 0.009772880847 0.001)
(0.018 0.009772880847 0.001)
(0.02 0.009772880847 0.001)
(0.022 0.009772880847 0.001)
(0.024 0.009772880847 0.001)
(0.026 0.009772880847 0.001)
(0.028 0.009772880847 0.001)
(0.03 0.009772880847 0.001)
(0.032 0.009772880847 0.001)
(0.034 0.009772880847 0.001)
(0.036 0.009772880847 0.001)
(0.038 0.009772880847 0.001)
(0.04 0.009772880847 0.001)
(0.042 0.009772880847 0.001)
(0.044 0.009772880847 0.001)
(0.046 0.009772880847 0.001)
(0.048 0.009772880847 0.001)
(0.05 0.009772880847 0.001)
(0.052 0.009772880847 0.001)
(0.054 0.009772880847 0.001)
(0.056 0.009772880847 0.001)
(0.058 0.009772880847 0.001)
(0.06 0.009772880847 0.001)
(0.062 0.009772880847 0.001)
(0.064 0.009772880847 0.001)
(0.066 0.009772880847 0.001)
(0.068 0.009772880847 0.001)
(0.07 0.009772880847 0.001)
(0.072 0.009772880847 0.001)
(0.074 0.009772880847 0.001)
(0.076 0.009772880847 0.001)
(0.078 0.009772880847 0.001)
(0.08 0.009772880847 0.001)
(0.082 0.009772880847 0.001)
(0.084 0.009772880847 0.001)
(0.086 0.009772880847 0.001)
(0.088 0.009772880847 0.001)
(0.09 0.009772880847 0.001)
(0.092 0.009772880847 0.001)
(0.094 0.009772880847 0.001)
(0.096 0.009772880847 0.001)
(0.098 0.009772880847 0.001)
(0.1 0.009772880847 0.001)
(0 0.01 0.001)
(0.002 0.01 0.001)
(0.004 0.01 0.001)
(0.006 0.01 0.001)
(0.008 0.01 0.001)
(0.01 0.01 0.001)
(0.012 0.01 0.001)
(0.014 0.01 0.001)
(0.016 0.01 0.001)
(0.018 0.01 0.001)
(0.02 0.01 0.001)
(0.022 0.01 0.001)
(0.024 0.01 0.001)
(0.026 0.01 0.001)
(0.028 0.01 0.001)
(0.03 0.01 0.001)
(0.032 0.01 0.001)
(0.034 0.01 0.001)
(0.036 0.01 0.001)
(0.038 0.01 0.001)
(0.04 0.01 0.001)
(0.042 0.01 0.001)
(0.044 0.01 0.001)
(0.046 0.01 0.001)
(0.048 0.01 0.001)
(0.05 0.01 0.001)
(0.052 0.01 0.001)
(0.054 0.01 0.001)
(0.056 0.01 0.001)
(0.058 0.01 0.001)
(0.06 0.01 0.001)
(0.062 0.01 0.001)
(0.064 0.01 0.001)
(0.066 0.01 0.001)
(0.068 0.01 0.001)
(0.07 0.01 0.001)
(0.072 0.01 0.001)
(0.074 0.01 0.001)
(0.076 0.01 0.001)
(0.078 0.01 0.001)
(0.08 0.01 0.001)
(0.082 0.01 0.001)
(0.084 0.01 0.001)
(0.086 0.01 0.001)
(0.088 0.01 0.001)
(0.09 0.01 0.001)
(0.092 0.01 0.001)
(0.094 0.01 0.001)
(0.096 0.01 0.001)
(0.098 0.01 0.001)
(0.1 0.01 0.001)
)


// ************************************************************************* //
